{
 "cells": [
  {
   "cell_type": "markdown",
   "id": "8a6e1435",
   "metadata": {},
   "source": [
    "# Kalman filter"
   ]
  },
  {
   "cell_type": "code",
   "execution_count": 7,
   "id": "a98a8604",
   "metadata": {},
   "outputs": [
    {
     "name": "stdout",
     "output_type": "stream",
     "text": [
      "Requirement already satisfied: pykalman in /anaconda/lib/python3.8/site-packages (0.9.5)\r\n"
     ]
    }
   ],
   "source": [
    "!pip install pykalman"
   ]
  },
  {
   "cell_type": "code",
   "execution_count": 3,
   "id": "a774f3a5",
   "metadata": {},
   "outputs": [
    {
     "name": "stdout",
     "output_type": "stream",
     "text": [
      "... Data type: _ObsSubRnd_00_00\n",
      "..... Training dataset: 600x10x30\n",
      "..... Validation dataset: 200x10x30\n",
      "..... Test dataset    : 200x10x30\n",
      "........ Initialize interpolated states\n",
      "(1000, 10, 30)\n",
      "<class 'netCDF4._netCDF4.Variable'>\n",
      "..... Training dataset: 600x10x30\n",
      "..... Validation dataset: 200x10x30\n",
      "..... Test dataset    : 200x10x30\n",
      "<class 'numpy.ndarray'>\n",
      "float64\n"
     ]
    },
    {
     "data": {
      "text/plain": [
       "0.001"
      ]
     },
     "execution_count": 3,
     "metadata": {},
     "output_type": "execute_result"
    }
   ],
   "source": [
    "import numpy as np\n",
    "import pykalman\n",
    "from pykalman import KalmanFilter\n",
    "from new_dataloading import X_testD, X_test_obsD,Obs_noise,Model_noise, mask_trainD,  Database\n",
    "import torch\n",
    "Obs_noise"
   ]
  },
  {
   "cell_type": "code",
   "execution_count": 2,
   "id": "cd70ddb7",
   "metadata": {},
   "outputs": [
    {
     "name": "stdout",
     "output_type": "stream",
     "text": [
      "4.188000000000001\n",
      "torch.Size([5])\n",
      "tensor(1.0524)\n",
      "tensor(0.9419)\n",
      "tensor([[0.4686, 0.6793, 0.4993, 0.3048, 0.1889, 0.1085, 0.0637, 0.0406, 0.0243,\n",
      "         0.0155],\n",
      "        [0.3135, 0.5599, 0.7284, 0.6453, 0.4786, 0.3385, 0.2369, 0.1787, 0.1219,\n",
      "         0.0855],\n",
      "        [0.3294, 0.5454, 0.6190, 0.6982, 0.7211, 0.6318, 0.5159, 0.4305, 0.3320,\n",
      "         0.2448],\n",
      "        [0.8812, 0.7774, 0.7281, 0.6861, 0.7114, 0.7613, 0.7191, 0.6913, 0.6362,\n",
      "         0.5046],\n",
      "        [0.2006, 0.6754, 0.8073, 0.7938, 0.7605, 0.7648, 0.8135, 0.7686, 0.7860,\n",
      "         0.7332],\n",
      "        [0.5250, 0.6733, 0.7091, 0.7900, 0.7777, 0.8235, 0.8795, 0.8620, 0.9419,\n",
      "         0.8292],\n",
      "        [0.9117, 0.9196, 0.8770, 0.8282, 0.8515, 0.8406, 0.9182, 0.9648, 0.9104,\n",
      "         0.9035],\n",
      "        [0.4775, 0.6918, 0.7944, 0.8392, 0.8656, 0.8949, 0.8949, 0.9418, 0.9697,\n",
      "         1.0160],\n",
      "        [0.2181, 0.4866, 0.7674, 0.8125, 0.8953, 0.9255, 0.9981, 1.0544, 1.0865,\n",
      "         1.0966],\n",
      "        [0.0389, 0.3588, 0.4505, 0.6199, 0.7806, 0.8495, 0.9350, 0.9829, 0.9966,\n",
      "         1.0862]])\n"
     ]
    }
   ],
   "source": [
    "print(0.8418+0.9337+0.9863+0.6442+0.7820)\n",
    "\n",
    "D = Database[int(0.8*1000):,:,:]\n",
    "print(D[0,0:5,0].shape)\n",
    "indt = 8\n",
    "indx = 5\n",
    "print((torch.sum(D[0,(indx-1):(indx+2),indt-1])/4)+D[0,indx-2,indt-2]/4+D[0,indx+2,indt-2]/4)\n",
    "print(D[0,indx,indt])\n",
    "print(D[0,0:10,:])\n",
    "\n"
   ]
  },
  {
   "cell_type": "code",
   "execution_count": 3,
   "id": "d755c545",
   "metadata": {},
   "outputs": [
    {
     "name": "stdout",
     "output_type": "stream",
     "text": [
      "torch.Size([200, 10, 30])\n"
     ]
    }
   ],
   "source": [
    "print(X_testD.shape)\n",
    "t = X_testD.shape[1]\n",
    "x = X_testD.shape[2]\n",
    "transition_matrices = np.zeros((t-2,2*x,2*x))\n",
    "A1 = 0.25*(np.eye(x)+np.eye(x, k=-1))\n",
    "A1[x-1,0]=0.25\n",
    "transition_matrices[0,:x,:x]= A1\n",
    "transition_matrices[0,:x,x:]=0.25*(np.eye(x, k=2)+np.eye(x,k=-2)+np.eye(x,k=x-2)+np.eye(x,k=-x+2))\n",
    "transition_matrices[0,:x,x:]= np.eye(x)\n",
    "mod = 'fsum1'\n",
    "\n",
    "if mod == 'fsum1':\n",
    "    for i in range(1,t-2):\n",
    "        transition_matrices[i,:x,:x] = A1\n",
    "        transition_matrices[i,x:,:x] = np.eye(x)\n",
    "        transition_matrices[i,:x,x:] = 0.25*(np.eye(x,k=-2)+np.eye(x,k=-x+2))\n",
    "        \n",
    "\n",
    "        \n",
    "observation_matrix = np.identity(2*x)\n",
    "\n",
    "transition_covariance = np.zeros((2*x,2*x))\n",
    "transition_covariance[:x,:x] = Model_noise**2 * np.identity(x)\n",
    "\n",
    "observation_covariance = np.zeros((2*x,2*x))\n",
    "observation_covariance[:x,:x] = Obs_noise**2 * np.identity(x)\n",
    "\n",
    "x1 = X_test_obsD[0,0,:]\n",
    "x2 = X_test_obsD[0,1,:]   \n",
    "\n",
    "Initial_state = np.zeros((2*x))\n",
    "Initial_state[:x] = x2\n",
    "Initial_state[x:] = x1\n",
    "        \n",
    "Initial_covariance = Model_noise**2 * np.identity(2*x)"
   ]
  },
  {
   "cell_type": "code",
   "execution_count": 4,
   "id": "3149c220",
   "metadata": {},
   "outputs": [],
   "source": [
    "k = KalmanFilter(\n",
    "    transition_matrices=transition_matrices, \n",
    "             observation_matrices=observation_matrix, \n",
    "             transition_covariance=transition_covariance, \n",
    "             observation_covariance=observation_covariance, \n",
    "             transition_offsets=None, \n",
    "             observation_offsets=None, \n",
    "             initial_state_mean=Initial_state, \n",
    "             initial_state_covariance=Initial_covariance, \n",
    "             random_state=None, \n",
    "             em_vars=['transition_covariance', 'observation_covariance', 'initial_state_mean', 'initial_state_covariance'], \n",
    "             n_dim_state=None, \n",
    "             n_dim_obs=None\n",
    ")"
   ]
  },
  {
   "cell_type": "code",
   "execution_count": 5,
   "id": "309b16af",
   "metadata": {},
   "outputs": [
    {
     "name": "stdout",
     "output_type": "stream",
     "text": [
      "(9, 60)\n",
      "tensor([0.6780, 0.5603, 0.5442, 0.7782, 0.6756, 0.6729, 0.9181, 0.6915, 0.4890,\n",
      "        0.3599, 0.6827, 0.6458, 0.4155, 0.4203, 0.4655, 0.5436, 0.8167, 0.8046,\n",
      "        0.6285, 0.5085, 0.5341, 0.6436, 0.7613, 0.9075, 0.8181, 0.8828, 0.9832,\n",
      "        0.8127, 0.8406, 0.8440])\n",
      "tensor([0.6793, 0.5599, 0.5454, 0.7774, 0.6754, 0.6733, 0.9196, 0.6918, 0.4866,\n",
      "        0.3588, 0.6821, 0.6454, 0.4176, 0.4198, 0.4639, 0.5456, 0.8168, 0.8038,\n",
      "        0.6312, 0.5083, 0.5350, 0.6438, 0.7619, 0.9073, 0.8186, 0.8829, 0.9848,\n",
      "        0.8129, 0.8391, 0.8432])\n"
     ]
    }
   ],
   "source": [
    "\n",
    "X_Filter = np.zeros((t-1,2*x))\n",
    "\n",
    "for i in range(t-1):\n",
    "    X_Filter[i,:x] = X_test_obsD[0,i+1,:]\n",
    "    X_Filter[i,x:] = X_test_obsD[0,i,:]\n",
    "\n",
    "mask = np.zeros((t-1,2*x))\n",
    "\n",
    "mask[7:,:]+=1\n",
    "mask[6,:x]+=1\n",
    "\n",
    "    \n",
    "X_train_mask = np.ma.masked_array(X_Filter,mask)\n",
    "\n",
    "KF = k.filter(X_Filter)\n",
    "print(np.diagonal(KF[1],axis1=1,axis2=2).shape)\n",
    "print(X_test_obsD[0,1,:])\n",
    "print(X_testD[0,1,:])\n"
   ]
  },
  {
   "cell_type": "markdown",
   "id": "dea99230",
   "metadata": {},
   "source": [
    "# Prediction with Kalman FIlter for additive noise model"
   ]
  },
  {
   "cell_type": "code",
   "execution_count": 6,
   "id": "e0013ba7",
   "metadata": {},
   "outputs": [],
   "source": [
    "X_preds_KF = np.zeros(X_test_obsD.shape)\n",
    "X_preds_KF[:,0:2,:] = X_test_obsD[:,0:2,:]\n",
    "X_cov_KF = np.zeros((X_test_obsD.shape[0],t,x,x))\n",
    "X_cov_KF[:,0,:] = Obs_noise**2*np.identity(x)\n",
    "X_cov_KF[:,1,:] = Obs_noise**2*np.identity(x)\n",
    "\n",
    "\n",
    "for i in range(X_test_obsD.shape[0]):    \n",
    "    x1 = X_test_obsD[i,0,:]\n",
    "    x2 = X_test_obsD[i,1,:]   \n",
    "\n",
    "    Initial_state = np.zeros((2*x))\n",
    "    Initial_state[:x] = x2\n",
    "    Initial_state[x:] = x1\n",
    "    k = KalmanFilter(\n",
    "    transition_matrices=transition_matrices, \n",
    "             observation_matrices=observation_matrix, \n",
    "             transition_covariance=transition_covariance, \n",
    "             observation_covariance=observation_covariance, \n",
    "             transition_offsets=None, \n",
    "             observation_offsets=None, \n",
    "             initial_state_mean=Initial_state, \n",
    "             initial_state_covariance=Initial_covariance, \n",
    "             random_state=None, \n",
    "             em_vars=['transition_covariance', 'observation_covariance', 'initial_state_mean', 'initial_state_covariance'], \n",
    "             n_dim_state=None, \n",
    "             n_dim_obs=None\n",
    ")\n",
    "    \n",
    "    X_Filter = np.zeros((t-4,2*x))\n",
    "    for j in range(t-4):\n",
    "        X_Filter[j,:x] = X_test_obsD[i,j+1,:]\n",
    "        X_Filter[j,x:] = X_test_obsD[i,j,:]\n",
    "    KF = k.filter(X_Filter)\n",
    "    X_preds_KF[i,2:7,:] = KF[0][1:,:x]\n",
    "    X_cov_KF[i,2:7,:] = KF[1][1:,:x,:x]\n",
    "    KFb = KF[1][-1,:,:]\n",
    "    for j in range(7,t):\n",
    "        KFb = np.dot(np.dot(transition_matrices[j-2,:,:],KFb),transition_matrices[j-2,:,:].T) +transition_covariance\n",
    "        X_cov_KF[i,j,:,:] = KFb[:x,:x]\n",
    "        X_preds_KF[i,j,:] = np.dot(transition_matrices[j-2,:x,:x],X_preds_KF[i,j-1,:]) + np.dot(transition_matrices[j-2,:x,x:],X_preds_KF[i,j-2,:])\n",
    "    "
   ]
  },
  {
   "cell_type": "code",
   "execution_count": 7,
   "id": "b7a9015b",
   "metadata": {},
   "outputs": [
    {
     "name": "stdout",
     "output_type": "stream",
     "text": [
      "[[1.e-06 0.e+00 0.e+00 0.e+00 0.e+00 0.e+00 0.e+00 0.e+00 0.e+00 0.e+00\n",
      "  0.e+00 0.e+00 0.e+00 0.e+00 0.e+00 0.e+00 0.e+00 0.e+00 0.e+00 0.e+00\n",
      "  0.e+00 0.e+00 0.e+00 0.e+00 0.e+00 0.e+00 0.e+00 0.e+00 0.e+00 0.e+00]\n",
      " [0.e+00 1.e-06 0.e+00 0.e+00 0.e+00 0.e+00 0.e+00 0.e+00 0.e+00 0.e+00\n",
      "  0.e+00 0.e+00 0.e+00 0.e+00 0.e+00 0.e+00 0.e+00 0.e+00 0.e+00 0.e+00\n",
      "  0.e+00 0.e+00 0.e+00 0.e+00 0.e+00 0.e+00 0.e+00 0.e+00 0.e+00 0.e+00]\n",
      " [0.e+00 0.e+00 1.e-06 0.e+00 0.e+00 0.e+00 0.e+00 0.e+00 0.e+00 0.e+00\n",
      "  0.e+00 0.e+00 0.e+00 0.e+00 0.e+00 0.e+00 0.e+00 0.e+00 0.e+00 0.e+00\n",
      "  0.e+00 0.e+00 0.e+00 0.e+00 0.e+00 0.e+00 0.e+00 0.e+00 0.e+00 0.e+00]\n",
      " [0.e+00 0.e+00 0.e+00 1.e-06 0.e+00 0.e+00 0.e+00 0.e+00 0.e+00 0.e+00\n",
      "  0.e+00 0.e+00 0.e+00 0.e+00 0.e+00 0.e+00 0.e+00 0.e+00 0.e+00 0.e+00\n",
      "  0.e+00 0.e+00 0.e+00 0.e+00 0.e+00 0.e+00 0.e+00 0.e+00 0.e+00 0.e+00]\n",
      " [0.e+00 0.e+00 0.e+00 0.e+00 1.e-06 0.e+00 0.e+00 0.e+00 0.e+00 0.e+00\n",
      "  0.e+00 0.e+00 0.e+00 0.e+00 0.e+00 0.e+00 0.e+00 0.e+00 0.e+00 0.e+00\n",
      "  0.e+00 0.e+00 0.e+00 0.e+00 0.e+00 0.e+00 0.e+00 0.e+00 0.e+00 0.e+00]\n",
      " [0.e+00 0.e+00 0.e+00 0.e+00 0.e+00 1.e-06 0.e+00 0.e+00 0.e+00 0.e+00\n",
      "  0.e+00 0.e+00 0.e+00 0.e+00 0.e+00 0.e+00 0.e+00 0.e+00 0.e+00 0.e+00\n",
      "  0.e+00 0.e+00 0.e+00 0.e+00 0.e+00 0.e+00 0.e+00 0.e+00 0.e+00 0.e+00]\n",
      " [0.e+00 0.e+00 0.e+00 0.e+00 0.e+00 0.e+00 1.e-06 0.e+00 0.e+00 0.e+00\n",
      "  0.e+00 0.e+00 0.e+00 0.e+00 0.e+00 0.e+00 0.e+00 0.e+00 0.e+00 0.e+00\n",
      "  0.e+00 0.e+00 0.e+00 0.e+00 0.e+00 0.e+00 0.e+00 0.e+00 0.e+00 0.e+00]\n",
      " [0.e+00 0.e+00 0.e+00 0.e+00 0.e+00 0.e+00 0.e+00 1.e-06 0.e+00 0.e+00\n",
      "  0.e+00 0.e+00 0.e+00 0.e+00 0.e+00 0.e+00 0.e+00 0.e+00 0.e+00 0.e+00\n",
      "  0.e+00 0.e+00 0.e+00 0.e+00 0.e+00 0.e+00 0.e+00 0.e+00 0.e+00 0.e+00]\n",
      " [0.e+00 0.e+00 0.e+00 0.e+00 0.e+00 0.e+00 0.e+00 0.e+00 1.e-06 0.e+00\n",
      "  0.e+00 0.e+00 0.e+00 0.e+00 0.e+00 0.e+00 0.e+00 0.e+00 0.e+00 0.e+00\n",
      "  0.e+00 0.e+00 0.e+00 0.e+00 0.e+00 0.e+00 0.e+00 0.e+00 0.e+00 0.e+00]\n",
      " [0.e+00 0.e+00 0.e+00 0.e+00 0.e+00 0.e+00 0.e+00 0.e+00 0.e+00 1.e-06\n",
      "  0.e+00 0.e+00 0.e+00 0.e+00 0.e+00 0.e+00 0.e+00 0.e+00 0.e+00 0.e+00\n",
      "  0.e+00 0.e+00 0.e+00 0.e+00 0.e+00 0.e+00 0.e+00 0.e+00 0.e+00 0.e+00]\n",
      " [0.e+00 0.e+00 0.e+00 0.e+00 0.e+00 0.e+00 0.e+00 0.e+00 0.e+00 0.e+00\n",
      "  1.e-06 0.e+00 0.e+00 0.e+00 0.e+00 0.e+00 0.e+00 0.e+00 0.e+00 0.e+00\n",
      "  0.e+00 0.e+00 0.e+00 0.e+00 0.e+00 0.e+00 0.e+00 0.e+00 0.e+00 0.e+00]\n",
      " [0.e+00 0.e+00 0.e+00 0.e+00 0.e+00 0.e+00 0.e+00 0.e+00 0.e+00 0.e+00\n",
      "  0.e+00 1.e-06 0.e+00 0.e+00 0.e+00 0.e+00 0.e+00 0.e+00 0.e+00 0.e+00\n",
      "  0.e+00 0.e+00 0.e+00 0.e+00 0.e+00 0.e+00 0.e+00 0.e+00 0.e+00 0.e+00]\n",
      " [0.e+00 0.e+00 0.e+00 0.e+00 0.e+00 0.e+00 0.e+00 0.e+00 0.e+00 0.e+00\n",
      "  0.e+00 0.e+00 1.e-06 0.e+00 0.e+00 0.e+00 0.e+00 0.e+00 0.e+00 0.e+00\n",
      "  0.e+00 0.e+00 0.e+00 0.e+00 0.e+00 0.e+00 0.e+00 0.e+00 0.e+00 0.e+00]\n",
      " [0.e+00 0.e+00 0.e+00 0.e+00 0.e+00 0.e+00 0.e+00 0.e+00 0.e+00 0.e+00\n",
      "  0.e+00 0.e+00 0.e+00 1.e-06 0.e+00 0.e+00 0.e+00 0.e+00 0.e+00 0.e+00\n",
      "  0.e+00 0.e+00 0.e+00 0.e+00 0.e+00 0.e+00 0.e+00 0.e+00 0.e+00 0.e+00]\n",
      " [0.e+00 0.e+00 0.e+00 0.e+00 0.e+00 0.e+00 0.e+00 0.e+00 0.e+00 0.e+00\n",
      "  0.e+00 0.e+00 0.e+00 0.e+00 1.e-06 0.e+00 0.e+00 0.e+00 0.e+00 0.e+00\n",
      "  0.e+00 0.e+00 0.e+00 0.e+00 0.e+00 0.e+00 0.e+00 0.e+00 0.e+00 0.e+00]\n",
      " [0.e+00 0.e+00 0.e+00 0.e+00 0.e+00 0.e+00 0.e+00 0.e+00 0.e+00 0.e+00\n",
      "  0.e+00 0.e+00 0.e+00 0.e+00 0.e+00 1.e-06 0.e+00 0.e+00 0.e+00 0.e+00\n",
      "  0.e+00 0.e+00 0.e+00 0.e+00 0.e+00 0.e+00 0.e+00 0.e+00 0.e+00 0.e+00]\n",
      " [0.e+00 0.e+00 0.e+00 0.e+00 0.e+00 0.e+00 0.e+00 0.e+00 0.e+00 0.e+00\n",
      "  0.e+00 0.e+00 0.e+00 0.e+00 0.e+00 0.e+00 1.e-06 0.e+00 0.e+00 0.e+00\n",
      "  0.e+00 0.e+00 0.e+00 0.e+00 0.e+00 0.e+00 0.e+00 0.e+00 0.e+00 0.e+00]\n",
      " [0.e+00 0.e+00 0.e+00 0.e+00 0.e+00 0.e+00 0.e+00 0.e+00 0.e+00 0.e+00\n",
      "  0.e+00 0.e+00 0.e+00 0.e+00 0.e+00 0.e+00 0.e+00 1.e-06 0.e+00 0.e+00\n",
      "  0.e+00 0.e+00 0.e+00 0.e+00 0.e+00 0.e+00 0.e+00 0.e+00 0.e+00 0.e+00]\n",
      " [0.e+00 0.e+00 0.e+00 0.e+00 0.e+00 0.e+00 0.e+00 0.e+00 0.e+00 0.e+00\n",
      "  0.e+00 0.e+00 0.e+00 0.e+00 0.e+00 0.e+00 0.e+00 0.e+00 1.e-06 0.e+00\n",
      "  0.e+00 0.e+00 0.e+00 0.e+00 0.e+00 0.e+00 0.e+00 0.e+00 0.e+00 0.e+00]\n",
      " [0.e+00 0.e+00 0.e+00 0.e+00 0.e+00 0.e+00 0.e+00 0.e+00 0.e+00 0.e+00\n",
      "  0.e+00 0.e+00 0.e+00 0.e+00 0.e+00 0.e+00 0.e+00 0.e+00 0.e+00 1.e-06\n",
      "  0.e+00 0.e+00 0.e+00 0.e+00 0.e+00 0.e+00 0.e+00 0.e+00 0.e+00 0.e+00]\n",
      " [0.e+00 0.e+00 0.e+00 0.e+00 0.e+00 0.e+00 0.e+00 0.e+00 0.e+00 0.e+00\n",
      "  0.e+00 0.e+00 0.e+00 0.e+00 0.e+00 0.e+00 0.e+00 0.e+00 0.e+00 0.e+00\n",
      "  1.e-06 0.e+00 0.e+00 0.e+00 0.e+00 0.e+00 0.e+00 0.e+00 0.e+00 0.e+00]\n",
      " [0.e+00 0.e+00 0.e+00 0.e+00 0.e+00 0.e+00 0.e+00 0.e+00 0.e+00 0.e+00\n",
      "  0.e+00 0.e+00 0.e+00 0.e+00 0.e+00 0.e+00 0.e+00 0.e+00 0.e+00 0.e+00\n",
      "  0.e+00 1.e-06 0.e+00 0.e+00 0.e+00 0.e+00 0.e+00 0.e+00 0.e+00 0.e+00]\n",
      " [0.e+00 0.e+00 0.e+00 0.e+00 0.e+00 0.e+00 0.e+00 0.e+00 0.e+00 0.e+00\n",
      "  0.e+00 0.e+00 0.e+00 0.e+00 0.e+00 0.e+00 0.e+00 0.e+00 0.e+00 0.e+00\n",
      "  0.e+00 0.e+00 1.e-06 0.e+00 0.e+00 0.e+00 0.e+00 0.e+00 0.e+00 0.e+00]\n",
      " [0.e+00 0.e+00 0.e+00 0.e+00 0.e+00 0.e+00 0.e+00 0.e+00 0.e+00 0.e+00\n",
      "  0.e+00 0.e+00 0.e+00 0.e+00 0.e+00 0.e+00 0.e+00 0.e+00 0.e+00 0.e+00\n",
      "  0.e+00 0.e+00 0.e+00 1.e-06 0.e+00 0.e+00 0.e+00 0.e+00 0.e+00 0.e+00]\n",
      " [0.e+00 0.e+00 0.e+00 0.e+00 0.e+00 0.e+00 0.e+00 0.e+00 0.e+00 0.e+00\n",
      "  0.e+00 0.e+00 0.e+00 0.e+00 0.e+00 0.e+00 0.e+00 0.e+00 0.e+00 0.e+00\n",
      "  0.e+00 0.e+00 0.e+00 0.e+00 1.e-06 0.e+00 0.e+00 0.e+00 0.e+00 0.e+00]\n",
      " [0.e+00 0.e+00 0.e+00 0.e+00 0.e+00 0.e+00 0.e+00 0.e+00 0.e+00 0.e+00\n",
      "  0.e+00 0.e+00 0.e+00 0.e+00 0.e+00 0.e+00 0.e+00 0.e+00 0.e+00 0.e+00\n",
      "  0.e+00 0.e+00 0.e+00 0.e+00 0.e+00 1.e-06 0.e+00 0.e+00 0.e+00 0.e+00]\n",
      " [0.e+00 0.e+00 0.e+00 0.e+00 0.e+00 0.e+00 0.e+00 0.e+00 0.e+00 0.e+00\n",
      "  0.e+00 0.e+00 0.e+00 0.e+00 0.e+00 0.e+00 0.e+00 0.e+00 0.e+00 0.e+00\n",
      "  0.e+00 0.e+00 0.e+00 0.e+00 0.e+00 0.e+00 1.e-06 0.e+00 0.e+00 0.e+00]\n",
      " [0.e+00 0.e+00 0.e+00 0.e+00 0.e+00 0.e+00 0.e+00 0.e+00 0.e+00 0.e+00\n",
      "  0.e+00 0.e+00 0.e+00 0.e+00 0.e+00 0.e+00 0.e+00 0.e+00 0.e+00 0.e+00\n",
      "  0.e+00 0.e+00 0.e+00 0.e+00 0.e+00 0.e+00 0.e+00 1.e-06 0.e+00 0.e+00]\n",
      " [0.e+00 0.e+00 0.e+00 0.e+00 0.e+00 0.e+00 0.e+00 0.e+00 0.e+00 0.e+00\n",
      "  0.e+00 0.e+00 0.e+00 0.e+00 0.e+00 0.e+00 0.e+00 0.e+00 0.e+00 0.e+00\n",
      "  0.e+00 0.e+00 0.e+00 0.e+00 0.e+00 0.e+00 0.e+00 0.e+00 1.e-06 0.e+00]\n",
      " [0.e+00 0.e+00 0.e+00 0.e+00 0.e+00 0.e+00 0.e+00 0.e+00 0.e+00 0.e+00\n",
      "  0.e+00 0.e+00 0.e+00 0.e+00 0.e+00 0.e+00 0.e+00 0.e+00 0.e+00 0.e+00\n",
      "  0.e+00 0.e+00 0.e+00 0.e+00 0.e+00 0.e+00 0.e+00 0.e+00 0.e+00 1.e-06]]\n"
     ]
    }
   ],
   "source": [
    "ind=0\n",
    "print(X_cov_KF[0,ind,:,:])"
   ]
  },
  {
   "cell_type": "markdown",
   "id": "7d19bc06",
   "metadata": {},
   "source": [
    "## Forecasts scores"
   ]
  },
  {
   "cell_type": "code",
   "execution_count": 8,
   "id": "75d80f18",
   "metadata": {},
   "outputs": [],
   "source": [
    "def logarithmic_scores(target,mu,sig):\n",
    "    return(0.5*(np.dot((np.dot((target-mu).T,np.linalg.inv(sig))),(target-mu)))+0.5*np.log(np.linalg.det(sig))+15*np.log(2*np.pi))\n"
   ]
  },
  {
   "cell_type": "code",
   "execution_count": 9,
   "id": "b54f37e5",
   "metadata": {},
   "outputs": [
    {
     "name": "stdout",
     "output_type": "stream",
     "text": [
      "274.5261868757858\n"
     ]
    }
   ],
   "source": [
    "ind = 9\n",
    "print(logarithmic_scores(X_testD[0,ind,:],X_preds_KF[0,ind,:],X_cov_KF[0,ind,:,:])/30)\n"
   ]
  },
  {
   "cell_type": "markdown",
   "id": "93467955",
   "metadata": {},
   "source": [
    "# Forecasts with multiplicative noise model"
   ]
  },
  {
   "cell_type": "code",
   "execution_count": 1,
   "id": "bd64fed2",
   "metadata": {},
   "outputs": [
    {
     "ename": "NameError",
     "evalue": "name 'X_testD' is not defined",
     "output_type": "error",
     "traceback": [
      "\u001b[0;31m---------------------------------------------------------------------------\u001b[0m",
      "\u001b[0;31mNameError\u001b[0m                                 Traceback (most recent call last)",
      "\u001b[0;32m<ipython-input-1-e4e90c71241f>\u001b[0m in \u001b[0;36m<module>\u001b[0;34m\u001b[0m\n\u001b[0;32m----> 1\u001b[0;31m \u001b[0mt\u001b[0m \u001b[0;34m=\u001b[0m \u001b[0mX_testD\u001b[0m\u001b[0;34m.\u001b[0m\u001b[0mshape\u001b[0m\u001b[0;34m[\u001b[0m\u001b[0;36m1\u001b[0m\u001b[0;34m]\u001b[0m\u001b[0;34m\u001b[0m\u001b[0;34m\u001b[0m\u001b[0m\n\u001b[0m\u001b[1;32m      2\u001b[0m \u001b[0mx\u001b[0m \u001b[0;34m=\u001b[0m \u001b[0mX_testD\u001b[0m\u001b[0;34m.\u001b[0m\u001b[0mshape\u001b[0m\u001b[0;34m[\u001b[0m\u001b[0;36m2\u001b[0m\u001b[0;34m]\u001b[0m\u001b[0;34m\u001b[0m\u001b[0;34m\u001b[0m\u001b[0m\n\u001b[1;32m      3\u001b[0m \u001b[0mtransition_matrices\u001b[0m \u001b[0;34m=\u001b[0m \u001b[0mnp\u001b[0m\u001b[0;34m.\u001b[0m\u001b[0mzeros\u001b[0m\u001b[0;34m(\u001b[0m\u001b[0;34m(\u001b[0m\u001b[0mt\u001b[0m\u001b[0;34m-\u001b[0m\u001b[0;36m2\u001b[0m\u001b[0;34m,\u001b[0m\u001b[0;36m2\u001b[0m\u001b[0;34m*\u001b[0m\u001b[0mx\u001b[0m\u001b[0;34m,\u001b[0m\u001b[0;36m2\u001b[0m\u001b[0;34m*\u001b[0m\u001b[0mx\u001b[0m\u001b[0;34m)\u001b[0m\u001b[0;34m)\u001b[0m\u001b[0;34m\u001b[0m\u001b[0;34m\u001b[0m\u001b[0m\n\u001b[1;32m      4\u001b[0m \u001b[0mA1\u001b[0m \u001b[0;34m=\u001b[0m \u001b[0;36m0.6\u001b[0m\u001b[0;34m*\u001b[0m\u001b[0mnp\u001b[0m\u001b[0;34m.\u001b[0m\u001b[0meye\u001b[0m\u001b[0;34m(\u001b[0m\u001b[0mx\u001b[0m\u001b[0;34m)\u001b[0m\u001b[0;34m+\u001b[0m\u001b[0;36m0.4\u001b[0m\u001b[0;34m*\u001b[0m\u001b[0mnp\u001b[0m\u001b[0;34m.\u001b[0m\u001b[0meye\u001b[0m\u001b[0;34m(\u001b[0m\u001b[0mx\u001b[0m\u001b[0;34m,\u001b[0m \u001b[0mk\u001b[0m\u001b[0;34m=\u001b[0m\u001b[0;34m-\u001b[0m\u001b[0;36m1\u001b[0m\u001b[0;34m)\u001b[0m\u001b[0;34m\u001b[0m\u001b[0;34m\u001b[0m\u001b[0m\n\u001b[1;32m      5\u001b[0m \u001b[0mA1\u001b[0m\u001b[0;34m[\u001b[0m\u001b[0mx\u001b[0m\u001b[0;34m-\u001b[0m\u001b[0;36m1\u001b[0m\u001b[0;34m,\u001b[0m\u001b[0;36m0\u001b[0m\u001b[0;34m]\u001b[0m\u001b[0;34m=\u001b[0m\u001b[0;36m0.2\u001b[0m\u001b[0;34m\u001b[0m\u001b[0;34m\u001b[0m\u001b[0m\n",
      "\u001b[0;31mNameError\u001b[0m: name 'X_testD' is not defined"
     ]
    }
   ],
   "source": [
    "t = X_testD.shape[1]\n",
    "x = X_testD.shape[2]\n",
    "transition_matrices = np.zeros((t-2,2*x,2*x))\n",
    "A1 = 0.6*np.eye(x)+0.4*np.eye(x, k=-1)\n",
    "A1[x-1,0]=0.2\n",
    "transition_matrices[0,:x,:x]= A1\n",
    "transition_matrices[0,:x,x:]=0.1*np.eye(x, k=2)+0.05*np.eye(x,k=-2)+0.1*np.eye(x,k=-x+2)+0.05*np.eye(x,k=x-2)\n",
    "transition_matrices[0,x:,x:]= np.eye(x)\n",
    "\n",
    "mod = 'fsum2'\n",
    "\n",
    "if mod == 'fsum2':\n",
    "    for i in range(1,t-2):\n",
    "        transition_matrices[i,:x,:x] = A1\n",
    "        transition_matrices[i,x:,:x] = np.eye(x)\n",
    "        transition_matrices[i,:x,x:] = 0.05*np.eye(x,k=-2)+0.1*np.eye(x,k=-x+2)\n",
    "        \n",
    "        \n",
    "observation_matrix = np.identity(2*x)\n",
    "\n",
    "x1 = X_test_obsD[0,0,:]\n",
    "x2 = X_test_obsD[0,1,:]   \n",
    "\n",
    "Initial_state = np.zeros((2*x))\n",
    "Initial_state[:x] = x2\n",
    "Initial_state[x:] = x1\n",
    "        \n",
    "Initial_covariance = Model_noise**2 * np.identity(2*x)\n",
    "\n",
    "\n",
    "observation_covariance = np.zeros((2*x,2*x))\n",
    "observation_covariance[:x,:x] = Obs_noise**2 * np.identity(x)\n"
   ]
  },
  {
   "cell_type": "markdown",
   "id": "790fc3b3",
   "metadata": {},
   "source": [
    "### Estimation of model error covariance matrix"
   ]
  },
  {
   "cell_type": "code",
   "execution_count": 2,
   "id": "b93d6f40",
   "metadata": {},
   "outputs": [
    {
     "ename": "NameError",
     "evalue": "name 'np' is not defined",
     "output_type": "error",
     "traceback": [
      "\u001b[0;31m---------------------------------------------------------------------------\u001b[0m",
      "\u001b[0;31mNameError\u001b[0m                                 Traceback (most recent call last)",
      "\u001b[0;32m<ipython-input-2-e3fa451897e5>\u001b[0m in \u001b[0;36m<module>\u001b[0;34m\u001b[0m\n\u001b[0;32m----> 1\u001b[0;31m \u001b[0mEstimated_cov\u001b[0m \u001b[0;34m=\u001b[0m \u001b[0mnp\u001b[0m\u001b[0;34m.\u001b[0m\u001b[0mzeros\u001b[0m\u001b[0;34m(\u001b[0m\u001b[0;34m(\u001b[0m\u001b[0mt\u001b[0m\u001b[0;34m-\u001b[0m\u001b[0;36m2\u001b[0m\u001b[0;34m,\u001b[0m\u001b[0mx\u001b[0m\u001b[0;34m,\u001b[0m\u001b[0mx\u001b[0m\u001b[0;34m)\u001b[0m\u001b[0;34m)\u001b[0m\u001b[0;34m\u001b[0m\u001b[0;34m\u001b[0m\u001b[0m\n\u001b[0m\u001b[1;32m      2\u001b[0m \u001b[0;34m\u001b[0m\u001b[0m\n\u001b[1;32m      3\u001b[0m \u001b[0;32mfor\u001b[0m \u001b[0mi\u001b[0m \u001b[0;32min\u001b[0m \u001b[0mrange\u001b[0m\u001b[0;34m(\u001b[0m\u001b[0mt\u001b[0m\u001b[0;34m-\u001b[0m\u001b[0;36m2\u001b[0m\u001b[0;34m)\u001b[0m\u001b[0;34m:\u001b[0m\u001b[0;34m\u001b[0m\u001b[0;34m\u001b[0m\u001b[0m\n\u001b[1;32m      4\u001b[0m     \u001b[0mA\u001b[0m\u001b[0;34m=\u001b[0m\u001b[0mnp\u001b[0m\u001b[0;34m.\u001b[0m\u001b[0mzeros\u001b[0m\u001b[0;34m(\u001b[0m\u001b[0;34m(\u001b[0m\u001b[0mD\u001b[0m\u001b[0;34m.\u001b[0m\u001b[0mshape\u001b[0m\u001b[0;34m[\u001b[0m\u001b[0;36m0\u001b[0m\u001b[0;34m]\u001b[0m\u001b[0;34m,\u001b[0m\u001b[0mx\u001b[0m\u001b[0;34m,\u001b[0m\u001b[0mx\u001b[0m\u001b[0;34m)\u001b[0m\u001b[0;34m)\u001b[0m\u001b[0;34m\u001b[0m\u001b[0;34m\u001b[0m\u001b[0m\n\u001b[1;32m      5\u001b[0m     \u001b[0mtruth\u001b[0m \u001b[0;34m=\u001b[0m \u001b[0mD\u001b[0m\u001b[0;34m[\u001b[0m\u001b[0;34m:\u001b[0m\u001b[0;34m,\u001b[0m\u001b[0;34m:\u001b[0m\u001b[0;34m,\u001b[0m\u001b[0mi\u001b[0m\u001b[0;34m+\u001b[0m\u001b[0;36m2\u001b[0m\u001b[0;34m]\u001b[0m\u001b[0;34m.\u001b[0m\u001b[0mdetach\u001b[0m\u001b[0;34m(\u001b[0m\u001b[0;34m)\u001b[0m\u001b[0;34m.\u001b[0m\u001b[0mnumpy\u001b[0m\u001b[0;34m(\u001b[0m\u001b[0;34m)\u001b[0m\u001b[0;34m\u001b[0m\u001b[0;34m\u001b[0m\u001b[0m\n",
      "\u001b[0;31mNameError\u001b[0m: name 'np' is not defined"
     ]
    }
   ],
   "source": [
    "Estimated_cov = np.zeros((t-2,x,x))\n",
    "\n",
    "for i in range(t-2):\n",
    "    A=np.zeros((D.shape[0],x,x))\n",
    "    truth = D[:,:,i+2].detach().numpy()\n",
    "    Estimated = np.dot(D[:,:,i+1],np.transpose(transition_matrices[i,:x,:x]))+np.dot(D[:,:,i],np.transpose(transition_matrices[i,:x,x:]))\n",
    "    B=Estimated-truth\n",
    "    B=np.reshape(B,(D.shape[0],x,1))\n",
    "    for j in range(D.shape[0]):\n",
    "        A[j,:,:]=np.dot(B[j,:],np.transpose(B[j,:]))\n",
    "    Estimated_cov[i,:,:]=np.mean(A,axis=0)"
   ]
  },
  {
   "cell_type": "code",
   "execution_count": 48,
   "id": "06641041",
   "metadata": {},
   "outputs": [
    {
     "name": "stdout",
     "output_type": "stream",
     "text": [
      "[[ 4.59528624e-07 -3.21446889e-07 -1.29747119e-06 -2.99497820e-06\n",
      "  -6.22625372e-07  8.52624831e-07 -7.12889539e-07 -7.59294587e-07\n",
      "   1.83139533e-06  1.64280930e-06 -7.49297455e-07 -2.56256303e-06\n",
      "   1.13873216e-06  1.93355964e-06 -5.72249238e-07  3.86424834e-06\n",
      "   3.52719210e-06  9.45496001e-07 -1.57284706e-06  1.18295186e-06\n",
      "   5.81793125e-07 -2.18535777e-06 -6.07907987e-07 -7.43807494e-07\n",
      "  -1.76006960e-06 -1.06802677e-06 -1.75413608e-06 -1.55532595e-06\n",
      "   2.65152873e-07 -1.24936966e-06]\n",
      " [-3.21446889e-07  2.03772029e-05 -4.61563974e-06  5.35852799e-06\n",
      "   1.50583571e-05 -2.21267589e-05  4.87554237e-05  9.28180819e-06\n",
      "  -1.57453091e-05  4.80558175e-06 -1.58425709e-06 -4.89382643e-06\n",
      "   1.30253799e-05 -2.91148056e-05 -3.06328633e-06  1.38452552e-05\n",
      "  -1.09893605e-05  2.10997482e-05  1.67514498e-05 -1.47167340e-05\n",
      "   1.25548034e-05 -3.09641190e-06  7.30747473e-06 -1.57494188e-05\n",
      "   2.52663038e-05 -2.27280023e-05  7.24388429e-07 -1.64736885e-05\n",
      "   7.03699614e-06  1.60311915e-05]\n",
      " [-1.29747119e-06 -4.61563974e-06  1.55863170e-04 -1.94670178e-07\n",
      "   5.64585558e-06  2.42511833e-05 -8.81459421e-05 -1.99214701e-05\n",
      "   4.45836587e-07 -9.67085411e-06 -8.97306768e-07  3.43484915e-05\n",
      "  -3.33357650e-05 -3.33043598e-05 -1.63954651e-05 -2.18511011e-05\n",
      "  -2.42092443e-05  3.38779269e-05 -2.81077104e-06 -5.40100893e-05\n",
      "   5.28349330e-05  2.23379868e-05 -2.33146032e-06 -4.03982188e-06\n",
      "  -2.44111542e-05  2.50725672e-05  3.81652339e-05  1.17822399e-05\n",
      "  -2.07100019e-05 -3.90626632e-05]\n",
      " [-2.99497820e-06  5.35852799e-06 -1.94670178e-07  6.32873296e-04\n",
      "   7.15612723e-05 -3.37896247e-05 -4.84516032e-05  4.64646396e-05\n",
      "  -4.88140345e-05 -7.92844900e-05  7.10170149e-06  1.46327490e-05\n",
      "   8.37666059e-05  4.78031641e-05 -7.15591256e-05 -8.17234696e-05\n",
      "   4.14871127e-05 -8.53539073e-05 -1.82168385e-05 -3.61625144e-06\n",
      "  -3.17510956e-05  1.62262715e-05 -4.00051838e-06 -1.55712237e-05\n",
      "  -5.23894276e-05 -5.36305270e-05 -2.83226044e-05  6.95968066e-05\n",
      "   8.23294196e-05  1.58120888e-04]\n",
      " [-6.22625372e-07  1.50583571e-05  5.64585558e-06  7.15612723e-05\n",
      "   1.11590668e-03  1.26256192e-04  1.24115576e-04 -8.27101801e-05\n",
      "  -6.08319221e-05  1.71659042e-05 -1.02500595e-04 -6.19552724e-05\n",
      "  -1.30965153e-05 -3.27769400e-05  7.04335162e-05  8.39084833e-05\n",
      "   5.34459936e-05 -6.20886200e-05 -4.90472405e-05  7.43611392e-05\n",
      "  -4.84502616e-05  4.00982747e-05 -4.96098957e-05 -8.05299068e-07\n",
      "  -2.68323665e-05 -2.19157845e-04 -1.98835192e-05 -9.41943455e-05\n",
      "  -1.20433455e-04  4.29250185e-05]\n",
      " [ 8.52624831e-07 -2.21267589e-05  2.42511833e-05 -3.37896247e-05\n",
      "   1.26256192e-04  1.66229933e-03 -1.62841264e-06 -9.47202825e-05\n",
      "   2.99276366e-05  9.29897057e-05 -6.07935778e-05 -2.18763771e-04\n",
      "  -7.21315577e-05  6.30551286e-05 -2.29614351e-05 -4.24973670e-05\n",
      "  -6.30805830e-05 -1.07693268e-04  1.12422688e-04 -2.57265698e-05\n",
      "   8.67239723e-05  1.45542910e-04 -5.86671751e-05 -1.65011504e-05\n",
      "  -2.55618348e-04  2.28309844e-05  5.35141129e-05 -3.75002610e-05\n",
      "   1.04251849e-04 -1.71938232e-04]\n",
      " [-7.12889539e-07  4.87554237e-05 -8.81459421e-05 -4.84516032e-05\n",
      "   1.24115576e-04 -1.62841264e-06  1.66576802e-03  6.99789797e-05\n",
      "   1.77948436e-04  4.75213766e-05  1.99545601e-06 -8.57527124e-05\n",
      "  -8.96388111e-05 -1.76366770e-04  2.51416874e-05  1.23085992e-04\n",
      "  -1.05890325e-04  2.12948430e-05 -3.58607752e-06 -1.21920135e-05\n",
      "  -6.54261880e-05  4.62209881e-05 -1.93061941e-04 -1.08741695e-04\n",
      "   2.53044686e-04 -1.04132184e-04 -6.78670075e-05 -1.74588331e-04\n",
      "  -5.98385749e-05 -5.50480268e-05]\n",
      " [-7.59294587e-07  9.28180819e-06 -1.99214701e-05  4.64646396e-05\n",
      "  -8.27101801e-05 -9.47202825e-05  6.99789797e-05  1.28614995e-03\n",
      "   7.95782775e-05  4.03655983e-05 -2.44988538e-05  5.73535714e-05\n",
      "  -1.90227230e-05  1.49077827e-05 -2.81061161e-05  1.15079008e-04\n",
      "   6.53205133e-05 -4.86115066e-05  2.23402178e-04  1.85201733e-04\n",
      "  -4.11522189e-06 -8.92190246e-05 -1.27337679e-04  1.74757817e-04\n",
      "   1.10236819e-04  3.61435357e-05 -6.85499494e-05 -6.38662754e-05\n",
      "   1.86367009e-05 -1.95227014e-04]\n",
      " [ 1.83139533e-06 -1.57453091e-05  4.45836587e-07 -4.88140345e-05\n",
      "  -6.08319221e-05  2.99276366e-05  1.77948436e-04  7.95782775e-05\n",
      "   1.67163783e-03 -1.56756126e-04 -1.23719081e-05 -6.51060323e-05\n",
      "   2.26882805e-04  1.21654383e-05 -9.02944214e-05  6.01249526e-05\n",
      "   2.37728591e-04 -4.91584298e-06 -2.60893123e-04  5.38342792e-06\n",
      "   6.87763810e-05  1.17808741e-04  3.71729554e-05  6.98243865e-05\n",
      "  -1.69730774e-04  1.39275774e-05  1.53992656e-05 -1.03520849e-04\n",
      "  -1.24475436e-04 -1.15941152e-04]\n",
      " [ 1.64280930e-06  4.80558175e-06 -9.67085411e-06 -7.92844900e-05\n",
      "   1.71659042e-05  9.29897057e-05  4.75213766e-05  4.03655983e-05\n",
      "  -1.56756126e-04  1.44249369e-03  1.21130528e-04  4.95386272e-05\n",
      "  -1.14825104e-04  6.92153801e-05 -6.75688465e-05  1.49273761e-04\n",
      "  -7.74003440e-05  7.02098083e-05  1.32652513e-04  1.99747521e-04\n",
      "   9.76662081e-05  1.22805553e-04 -4.63109815e-05 -3.89381702e-05\n",
      "   1.24726185e-05  7.87311261e-05  8.92596229e-05  1.08907528e-05\n",
      "  -6.40988798e-05  1.13508605e-04]\n",
      " [-7.49297455e-07 -1.58425709e-06 -8.97306768e-07  7.10170149e-06\n",
      "  -1.02500595e-04 -6.07935778e-05  1.99545601e-06 -2.44988538e-05\n",
      "  -1.23719081e-05  1.21130528e-04  1.67847067e-03 -2.99649892e-05\n",
      "  -7.68156468e-06 -2.05247668e-05 -6.91985082e-05  6.75421712e-05\n",
      "   6.69279759e-05  5.31481948e-06  2.39510525e-04  2.06549664e-04\n",
      "   1.18072413e-04 -3.67685312e-05  7.91778099e-05 -2.32824477e-04\n",
      "  -9.76596495e-05 -1.13961600e-04 -3.43718994e-05  1.36942728e-04\n",
      "   9.35613439e-05 -1.28632659e-05]\n",
      " [-2.56256303e-06 -4.89382643e-06  3.43484915e-05  1.46327490e-05\n",
      "  -6.19552724e-05 -2.18763771e-04 -8.57527124e-05  5.73535714e-05\n",
      "  -6.51060323e-05  4.95386272e-05 -2.99649892e-05  1.34168993e-03\n",
      "   3.04002800e-05 -4.93220418e-05  1.41009445e-04  1.02915762e-04\n",
      "   5.26431589e-05 -1.83380249e-06 -6.41782335e-06  9.32680688e-05\n",
      "  -1.46492080e-04  4.28570828e-05 -2.26811692e-04 -3.20027451e-04\n",
      "   3.61549759e-05  3.00613084e-04 -6.05733094e-06  2.54797470e-04\n",
      "   2.48852277e-04  1.07119032e-04]\n",
      " [ 1.13873216e-06  1.30253799e-05 -3.33357650e-05  8.37666059e-05\n",
      "  -1.30965153e-05 -7.21315577e-05 -8.96388111e-05 -1.90227230e-05\n",
      "   2.26882805e-04 -1.14825104e-04 -7.68156468e-06  3.04002800e-05\n",
      "   1.51616465e-03 -8.93230498e-05 -2.89251060e-05  4.21705971e-05\n",
      "   1.65270767e-06 -2.14704582e-05 -2.35729075e-04 -8.59624571e-05\n",
      "  -1.70938462e-04 -1.90026824e-04  3.56494730e-05  1.08630399e-04\n",
      "   1.10499609e-04 -1.45526990e-05 -3.71057998e-05  3.75114636e-05\n",
      "   1.74364265e-05  2.47362659e-04]\n",
      " [ 1.93355964e-06 -2.91148056e-05 -3.33043598e-05  4.78031641e-05\n",
      "  -3.27769400e-05  6.30551286e-05 -1.76366770e-04  1.49077827e-05\n",
      "   1.21654383e-05  6.92153801e-05 -2.05247668e-05 -4.93220418e-05\n",
      "  -8.93230498e-05  1.48064027e-03  1.93567400e-04 -2.06690472e-05\n",
      "   1.55779811e-04 -1.72832927e-04  3.12114393e-05 -1.64654610e-04\n",
      "   5.82050144e-05  4.47946654e-05 -1.30531690e-04  1.88718125e-04\n",
      "   3.93031788e-05  7.77423931e-05 -6.54761080e-05 -1.60375446e-04\n",
      "   8.49527411e-05 -1.50295642e-04]\n",
      " [-5.72249238e-07 -3.06328633e-06 -1.63954651e-05 -7.15591256e-05\n",
      "   7.04335162e-05 -2.29614351e-05  2.51416874e-05 -2.81061161e-05\n",
      "  -9.02944214e-05 -6.75688465e-05 -6.91985082e-05  1.41009445e-04\n",
      "  -2.89251060e-05  1.93567400e-04  1.30072620e-03  9.04522703e-05\n",
      "  -9.23628413e-05 -1.57763236e-04 -4.82826231e-05 -3.40927024e-05\n",
      "  -2.69293115e-05  2.21512655e-05 -9.15019383e-05  8.73791263e-05\n",
      "   1.96238539e-04 -5.87070016e-05  6.14011983e-05  5.07622508e-05\n",
      "  -5.04706745e-07  1.35100381e-04]\n",
      " [ 3.86424834e-06  1.38452552e-05 -2.18511011e-05 -8.17234696e-05\n",
      "   8.39084833e-05 -4.24973670e-05  1.23085992e-04  1.15079008e-04\n",
      "   6.01249526e-05  1.49273761e-04  6.75421712e-05  1.02915762e-04\n",
      "   4.21705971e-05 -2.06690472e-05  9.04522703e-05  1.59074243e-03\n",
      "   9.94191381e-05  6.97714958e-06 -1.29293287e-04  8.14227785e-05\n",
      "   3.83262687e-05  3.88977778e-05 -3.14548834e-04  7.41842276e-06\n",
      "  -1.28334074e-04 -2.52222227e-05  8.17257200e-05  1.57531259e-04\n",
      "   1.65340537e-04 -7.97477207e-06]\n",
      " [ 3.52719210e-06 -1.09893605e-05 -2.42092443e-05  4.14871127e-05\n",
      "   5.34459936e-05 -6.30805830e-05 -1.05890325e-04  6.53205133e-05\n",
      "   2.37728591e-04 -7.74003440e-05  6.69279759e-05  5.26431589e-05\n",
      "   1.65270767e-06  1.55779811e-04 -9.23628413e-05  9.94191381e-05\n",
      "   1.45717249e-03 -2.43951676e-04 -8.97767202e-05  1.80455334e-04\n",
      "   2.83095009e-05  6.63538311e-05 -4.54370276e-05 -1.19949516e-04\n",
      "  -1.03169344e-04  1.17773238e-04 -1.63089211e-04 -1.61394803e-05\n",
      "   2.89256256e-05  8.61834511e-05]\n",
      " [ 9.45496001e-07  2.10997482e-05  3.38779269e-05 -8.53539073e-05\n",
      "  -6.20886200e-05 -1.07693268e-04  2.12948430e-05 -4.86115066e-05\n",
      "  -4.91584298e-06  7.02098083e-05  5.31481948e-06 -1.83380249e-06\n",
      "  -2.14704582e-05 -1.72832927e-04 -1.57763236e-04  6.97714958e-06\n",
      "  -2.43951676e-04  1.31117149e-03 -5.73817161e-05 -3.44937152e-05\n",
      "   1.38527035e-04 -1.10249625e-04 -8.97342278e-05 -1.43572799e-04\n",
      "  -9.65412871e-05 -8.08678306e-05  5.96028925e-05 -1.59138515e-04\n",
      "  -1.63040352e-04 -5.02731344e-05]\n",
      " [-1.57284706e-06  1.67514498e-05 -2.81077104e-06 -1.82168385e-05\n",
      "  -4.90472405e-05  1.12422688e-04 -3.58607752e-06  2.23402178e-04\n",
      "  -2.60893123e-04  1.32652513e-04  2.39510525e-04 -6.41782335e-06\n",
      "  -2.35729075e-04  3.12114393e-05 -4.82826231e-05 -1.29293287e-04\n",
      "  -8.97767202e-05 -5.73817161e-05  1.49875457e-03  2.83614033e-05\n",
      "  -5.34912873e-05  2.30086546e-05  4.84251754e-05  2.70122470e-05\n",
      "  -6.01109726e-05  6.47395710e-05 -7.46896968e-05 -1.57509089e-04\n",
      "  -1.38093235e-05 -7.43692188e-05]\n",
      " [ 1.18295186e-06 -1.47167340e-05 -5.40100893e-05 -3.61625144e-06\n",
      "   7.43611392e-05 -2.57265698e-05 -1.21920135e-05  1.85201733e-04\n",
      "   5.38342792e-06  1.99747521e-04  2.06549664e-04  9.32680688e-05\n",
      "  -8.59624571e-05 -1.64654610e-04 -3.40927024e-05  8.14227785e-05\n",
      "   1.80455334e-04 -3.44937152e-05  2.83614033e-05  1.58612404e-03\n",
      "  -2.91025068e-05 -6.40557580e-05 -9.77622206e-05 -1.86092149e-04\n",
      "  -8.12227727e-05 -3.12851240e-06 -1.01281673e-05  4.28550726e-05\n",
      "   1.30356420e-04 -2.01335082e-05]\n",
      " [ 5.81793125e-07  1.25548034e-05  5.28349330e-05 -3.17510956e-05\n",
      "  -4.84502616e-05  8.67239723e-05 -6.54261880e-05 -4.11522189e-06\n",
      "   6.87763810e-05  9.76662081e-05  1.18072413e-04 -1.46492080e-04\n",
      "  -1.70938462e-04  5.82050144e-05 -2.69293115e-05  3.83262687e-05\n",
      "   2.83095009e-05  1.38527035e-04 -5.34912873e-05 -2.91025068e-05\n",
      "   1.60451267e-03  1.48409136e-04  1.79224968e-06  2.17746074e-04\n",
      "  -4.79237164e-05 -2.45175642e-04 -1.63821532e-04 -7.67544611e-05\n",
      "  -5.10042612e-05 -1.76588945e-04]\n",
      " [-2.18535777e-06 -3.09641190e-06  2.23379868e-05  1.62262715e-05\n",
      "   4.00982747e-05  1.45542910e-04  4.62209881e-05 -8.92190246e-05\n",
      "   1.17808741e-04  1.22805553e-04 -3.67685312e-05  4.28570828e-05\n",
      "  -1.90026824e-04  4.47946654e-05  2.21512655e-05  3.88977778e-05\n",
      "   6.63538311e-05 -1.10249625e-04  2.30086546e-05 -6.40557580e-05\n",
      "   1.48409136e-04  1.16674817e-03  6.50759462e-05  1.54376552e-05\n",
      "   1.07838541e-05  1.37465387e-04  5.66302245e-06  6.50849322e-05\n",
      "   6.15034215e-05  2.60959906e-04]\n",
      " [-6.07907987e-07  7.30747473e-06 -2.33146032e-06 -4.00051838e-06\n",
      "  -4.96098957e-05 -5.86671751e-05 -1.93061941e-04 -1.27337679e-04\n",
      "   3.71729554e-05 -4.63109815e-05  7.91778099e-05 -2.26811692e-04\n",
      "   3.56494730e-05 -1.30531690e-04 -9.15019383e-05 -3.14548834e-04\n",
      "  -4.54370276e-05 -8.97342278e-05  4.84251754e-05 -9.77622206e-05\n",
      "   1.79224968e-06  6.50759462e-05  1.34336703e-03  1.25869241e-04\n",
      "  -6.62448699e-05  2.13034335e-04 -9.04098749e-05 -7.42096247e-05\n",
      "  -2.02264505e-05 -1.39403883e-04]\n",
      " [-7.43807494e-07 -1.57494188e-05 -4.03982188e-06 -1.55712237e-05\n",
      "  -8.05299068e-07 -1.65011504e-05 -1.08741695e-04  1.74757817e-04\n",
      "   6.98243865e-05 -3.89381702e-05 -2.32824477e-04 -3.20027451e-04\n",
      "   1.08630399e-04  1.88718125e-04  8.73791263e-05  7.41842276e-06\n",
      "  -1.19949516e-04 -1.43572799e-04  2.70122470e-05 -1.86092149e-04\n",
      "   2.17746074e-04  1.54376552e-05  1.25869241e-04  1.78228153e-03\n",
      "  -9.72120700e-05  1.20672233e-04 -5.32042708e-05 -1.35241299e-04\n",
      "  -1.76904785e-04  1.99733575e-04]\n",
      " [-1.76006960e-06  2.52663038e-05 -2.44111542e-05 -5.23894276e-05\n",
      "  -2.68323665e-05 -2.55618348e-04  2.53044686e-04  1.10236819e-04\n",
